0,516
0,514
887,3
887,2
887,1
887,0
886,3
886,2
886,1
886,0
885,3
885,2
885,1
885,0
884,3
884,2
884,1
884,0
883,3
883,2
883,1
883,0
882,3
882,2
882,1
882,0
881,3
881,2
881,1
881,0
880,3
880,2
880,1
880,0
879,3
879,2
879,1
879,0
878,3
878,2
878,1
878,0
877,3
877,2
877,1
877,0
876,3
876,2
876,1
876,0
875,3
875,2
875,1
875,0
0,278
0,9
0,513
0,386
874,52
874,51
874,50
874,49
874,48
874,47
874,46
874,45
874,44
874,43
874,42
874,41
874,40
874,39
874,38
874,37
874,36
874,35
3,2
3,1
3,3
10,5
10,267
10,103
10,129
10,186
10,284
10,22
10,1
10,222
10,2
10,3
11,29
11,11
11,18
11,14
11,15
11,19
11,1
11,7
11,2
11,3
9,5
9,1
9,7
9,2
9,3
8,7
8,10
8,9
8,8
8,12
8,1
8,15
8,2
8,3
12,2
12,1
12,3
20,2
20,1
20,3
19,2
